# Number of parameters = 11  Objective function value = 275.403  Maximum gradient component = 6.21242e-05
# logFpar:
 -11.8643 -9.70035 -8.91104 -8.72383
# logSdLogFsta:
 -2.11767
# logSdLogN:
 -0.691012 -3.00000
# logSdLogObs:
 -1.47050 0.0902925 -0.500906
# rec_loga:
1.00000000000
# rec_logb:
-12.0000000000
# rho:
0.391183033943
# logScaleSSB:
0.00000000000
# logPowSSB:
0.00000000000
# logSdSSB:
0.00000000000
# U:
 10.0476542979 10.2167404732 10.6492538261 10.2639926537 9.10945531616 8.95671616048 7.84888828927 6.79973809581 5.99778448580 5.56186356173 -2.54722649042 -1.73750620916 -1.06112830995 -0.852941285409 -0.428531150400 -0.381940471476 0.0376407489918 10.1696379639 9.84644998282 10.0167404732 10.3768776945 9.87795650365 8.55991520132 8.33642135032 6.98913813616 5.91956557119 4.75524923479 -2.56322563845 -1.81460005473 -1.11373100145 -0.865104095893 -0.506842286232 -0.408172438131 -0.0243890064867 10.4352788998 9.96821967060 9.64524566773 9.74573999171 10.0304541832 9.33564090508 7.94088582017 7.54928683400 6.10753771393 4.74016766666 -2.53257780245 -1.82323797928 -1.17021371085 -0.834328071040 -0.503546795829 -0.471193101886 -0.0778950746262 10.9200604127 10.2331153781 9.76680137728 9.36366873964 9.38130008061 9.54274467733 8.67980248076 7.13657838210 6.73145120475 4.95615228055 -2.60878162062 -1.96621872261 -1.28624145774 -0.962137177883 -0.608189129396 -0.646020056540 -0.334573959201 10.5974344494 10.7280317505 10.0309518565 9.47096467190 9.03383582498 8.90489236271 8.97866493848 7.91271445823 6.40941205575 5.84327029332 -2.68872544584 -1.98998293690 -1.32015850717 -1.00561465468 -0.686380984090 -0.761622803487 -0.330771128318 11.3167465917 10.3871476477 10.5360030883 9.79478036927 9.14175187427 8.57595032053 8.33619180913 8.28245487979 7.22765122187 5.47508572361 -2.61464216859 -1.88181038643 -1.31874727144 -1.03155521040 -0.752071330486 -0.864882534887 -0.437970072664 11.6764170340 11.1201042881 10.1849038446 10.2500658459 9.45219310739 8.68109451274 8.02598811671 7.67134024967 7.69233327972 6.37470699226 -2.57851598131 -1.77909384740 -1.26023026653 -1.00976914012 -0.732736085993 -0.805546074270 -0.446924749413 11.0397010608 11.4840323009 10.9268660012 9.92079378468 9.87132145877 8.98360416738 8.12625120705 7.34975857007 7.03653497522 6.86069676889 -2.44739057362 -1.63416932847 -1.12110100784 -0.912440424785 -0.656463009039 -0.655995467794 -0.422082550707 10.5407340020 10.8385004593 11.2869197360 10.6334675136 9.51836381494 9.32865473958 8.38803996393 7.41353160927 6.62871859066 6.19337990128 -2.44395773863 -1.63229850988 -1.10780030184 -0.926006535225 -0.671940443624 -0.621266026530 -0.480275876253 10.1930084723 10.3388427594 10.6495277968 11.0199816085 10.2370650129 8.97930125791 8.72333832347 7.67861555180 6.66847165550 5.82424786240 -2.40559848885 -1.62821148824 -1.11081148331 -0.928670973260 -0.696228833346 -0.637054450354 -0.495899050970 10.4260740255 9.98299333355 10.1317015667 10.3582214875 10.6531474618 9.70908453698 8.38838014659 8.02197672393 6.94900850697 5.86088743471 -2.38624628104 -1.55626354949 -1.09239805836 -0.863677477444 -0.684221189455 -0.635847183285 -0.497228467442 9.83300608701 10.2333437906 9.77107407503 9.83770776747 9.94400962063 10.1464443469 9.08045831034 7.68186474794 7.29204391238 6.14635143832 -2.31057599088 -1.45726333764 -0.997068077422 -0.803441671894 -0.663188787692 -0.599015110870 -0.444001272393 10.1374572595 9.62299221158 10.0416701061 9.48710855314 9.40340500234 9.37111922819 9.51571938057 8.35836747020 6.92939373178 6.43725540524 -2.17353490187 -1.39273897694 -0.960194685170 -0.779165089472 -0.684388954535 -0.601191424039 -0.498577992332 9.99732708106 9.94211608554 9.41282276751 9.71912736787 9.02933325860 8.80602619402 8.70914850825 8.83749767835 7.61477234096 6.12809003202 -2.06582048394 -1.37479759200 -0.955748918764 -0.742002735156 -0.617502152417 -0.547594733863 -0.465028257067 10.4437083999 9.78709608703 9.73192616747 9.08362126922 9.25882635103 8.43432778600 8.11660039114 7.96658011591 8.07208216698 6.79322082353 -1.91589379891 -1.32486695291 -0.942175101605 -0.711961259131 -0.545454287621 -0.490957943085 -0.415697050723 10.2887137076 10.2470340065 9.57930499140 9.35916488441 8.61599091103 8.66800720499 7.74110503198 7.32756985308 7.14918172883 7.20877708549 -1.90509847265 -1.34033415632 -0.978235593949 -0.736548911390 -0.555033692604 -0.523703401122 -0.505080757762 9.92011206110 10.0889983503 10.0491687996 9.22505658146 8.87585893417 8.03893518152 7.98072033093 6.96525893206 6.52960115560 6.34464595489 -1.95470181832 -1.44464965636 -1.09057140170 -0.850714195364 -0.620395442491 -0.612407787749 -0.630675561807 9.38579263675 9.72186410718 9.89618162242 9.71089674581 8.78759023242 8.32435005081 7.41842052715 7.22962270418 6.22383516468 5.79021200539 -1.99252198722 -1.54481708442 -1.20410436164 -0.932546752984 -0.724211998702 -0.693128072145 -0.770741892709 10.3942774018 9.16770731465 9.52420257501 9.55087180899 9.29963645729 8.28310322573 7.71710324436 6.73918530888 6.52041165909 5.57641426547 -2.05782429311 -1.62079422875 -1.31598374128 -1.01240854893 -0.805831490960 -0.762766884463 -0.808320330196 10.5109366096 10.2045249558 8.94241727637 9.20361874247 9.15518987433 8.85489350656 7.71460030214 7.06213821316 6.06893655438 5.85747824709 -2.08582154079 -1.64457411664 -1.33394143266 -1.08973230582 -0.873960331974 -0.854076665360 -0.928829593756 11.0489872494 10.3044884301 10.0090560847 8.59802461358 8.81952699636 8.68868641464 8.33931425065 7.09411744185 6.43434962996 5.46608803870 -2.06800237472 -1.62166140344 -1.32873076001 -1.11195998641 -0.902554298449 -0.892367084349 -0.982707303376 11.2140798737 10.8529016974 10.0971022564 9.68811684462 8.18157044971 8.36241759848 8.15382758007 7.73809855679 6.48585520513 5.85910972303 -2.06567293685 -1.63324113054 -1.34314385665 -1.16870460471 -0.991490197593 -0.934080836342 -1.03012273557 11.2574857703 11.0140941861 10.6599934390 9.76408716592 9.30932794988 7.71927073867 7.86238824126 7.57879784533 7.14074175221 5.92864361928 -2.03097699319 -1.57225908191 -1.29050365100 -1.16934332183 -1.04499463142 -0.972503019801 -1.04504010346 10.4225012244 11.0647185596 10.8172928446 10.3458738085 9.34632652807 8.83919309192 7.20993855656 7.31415449339 6.99597457462 6.58930866070 -1.97848178358 -1.53731545148 -1.27233961967 -1.17070242447 -1.12567713067 -1.02899354009 -1.05476244169 11.2648686243 10.2090738039 10.8656097313 10.4974551103 9.94658783065 8.85898552353 8.32713087491 6.69523916359 6.75729906882 6.44362833306 -1.83887478878 -1.47294213578 -1.22475643851 -1.16284403214 -1.13699714858 -1.06121054919 -1.03600372134 10.7823268304 11.0768211683 9.99663623377 10.4997207263 10.0829151280 9.46129544828 8.34374874808 7.80339621571 6.15994700717 6.20505261364 -1.70881454233 -1.39418096811 -1.17076569406 -1.13237652020 -1.14308537063 -1.06542198522 -0.983734798110 10.0005681819 10.5857467180 10.8879179003 9.60722898948 10.0421640594 9.57771273481 8.94252790901 7.82541531645 7.25648990501 5.60259092830 -1.56974883307 -1.32080938548 -1.13081676982 -1.10903106912 -1.13492158859 -1.06644769468 -0.895897102036 10.3250360030 9.78964667678 10.3896126050 10.4864514776 9.14174544450 9.50277949230 9.04339664740 8.42283351283 7.28151631442 6.64065361783 -1.51087200625 -1.28890677038 -1.18089337056 -1.19005412220 -1.20092999479 -1.13845910651 -0.953318473627 10.6803512216 10.1272851823 9.58696362036 9.97322746228 10.0158154322 8.64241004874 8.98603031591 8.54262091897 7.91198944738 6.69971078298 -1.41846448742 -1.22076122053 -1.16744001085 -1.22442393877 -1.20500022559 -1.12850776688 -0.925902900313 10.6929836628 10.4864281211 9.92667232614 9.13126416331 9.47559314417 9.49852503117 8.16222122917 8.47356497140 8.02086072950 7.32596040156 -1.42230648209 -1.22896527689 -1.24001545554 -1.27568159325 -1.27329260511 -1.16154789980 -0.942806025671 10.8942137070 10.4918445376 10.2915477612 9.47508700899 8.63087213609 8.99273366757 9.01438566940 7.69619696829 7.95072290452 7.43571254282 -1.49918231000 -1.26824604823 -1.31975180700 -1.35345856164 -1.35278012612 -1.22206949104 -1.00112242949 10.8016206683 10.7005270601 10.2943807507 9.86385463992 8.97926465610 8.16626920993 8.54156360528 8.55479726379 7.21521576432 7.38247791884 -1.58563786117 -1.31176831359 -1.35363728773 -1.40546340548 -1.40412423098 -1.25192901244 -1.02946256445 10.4654121079 10.6056697059 10.5042572090 9.89244405282 9.39109936967 8.51088512975 7.72496410900 8.10091217305 8.06902296505 6.67833921086 -1.62179670915 -1.30984833575 -1.33940506864 -1.40569088884 -1.41415445412 -1.23367747214 -0.965684947609 9.83511228383 10.2734330637 10.4117823003 10.1137485624 9.42874590915 8.92458195301 8.05960202398 7.28714177989 7.60750470339 7.48398946322 -1.62784969904 -1.28046534555 -1.33072053422 -1.40628617619 -1.42295707754 -1.24726744660 -0.988431748981 9.64934616728 9.63082920802 10.0752537838 10.0163294261 9.63142260549 8.95878897515 8.47126051339 7.60904082947 6.79949106298 7.03600117202 -1.69123052679 -1.33156025638 -1.39804071051 -1.48031656838 -1.50532644295 -1.33312507368 -1.04355505081 9.48232399519 9.45175096403 9.43216286942 9.69281324894 9.55094569830 9.18434201308 8.53122333825 8.04931568371 7.14538878898 6.24729069947 -1.69159191949 -1.33209451160 -1.39799570000 -1.48050326118 -1.50551313575 -1.33331176648 -1.04374174362
